-1.118042506277561188e-03
-3.504733555018901825e-03
1.103413291275501251e-03
7.798377424478530884e-03
6.737565621733665466e-03
-1.634698361158370972e-03
-6.780037656426429749e-03
-4.099110141396522522e-03
-9.758807718753814697e-04
-3.547590225934982300e-03
-6.907090544700622559e-03
-4.731707274913787842e-03
-8.214004337787628174e-04
-2.388615161180496216e-03
-7.088046520948410034e-03
-6.595214828848838806e-03
-6.153173744678497314e-04
2.759076654911041260e-03
4.949644207954406738e-04
-1.566455699503421783e-03
-3.644679673016071320e-04
-1.317231915891170502e-03
-7.587412372231483459e-03
-1.213097292929887772e-02
-7.890664041042327881e-03
-1.578107476234436035e-04
-7.487460970878601074e-05
-8.573953062295913696e-03
-1.539250463247299194e-02
-1.377056911587715149e-02
-8.205775171518325806e-03
-5.885517224669456482e-03
-7.256906479597091675e-03
-8.554412052035331726e-03
-8.530488237738609314e-03
-8.176976814866065979e-03
-6.933474913239479065e-03
-3.832247108221054077e-03
-1.037281006574630737e-03
-2.089191228151321411e-03
-6.620995700359344482e-03
-1.001924090087413788e-02
-9.152927435934543610e-03
-6.309937685728073120e-03
-6.329427007585763931e-03
-1.097466237843036652e-02
-1.724336296319961548e-02
-2.102867513895034790e-02
-2.169193141162395477e-02
-2.232145331799983978e-02
-2.530141174793243408e-02
-2.880126424133777618e-02
-2.927715331315994263e-02
-2.685317024588584900e-02
-2.550940588116645813e-02
-2.724832110106945038e-02
-2.908928319811820984e-02
-2.792470343410968781e-02
-2.567657828330993652e-02
-2.623814716935157776e-02
-2.894322760403156281e-02
-2.927359193563461304e-02
-2.580128237605094910e-02
-2.213882468640804291e-02
-2.102742716670036316e-02
-2.052291296422481537e-02
-1.807069592177867889e-02
-1.484550721943378448e-02
-1.315425988286733627e-02
-1.229022815823554993e-02
-1.029787212610244751e-02
-7.631193380802869797e-03
-5.322755314409732819e-03
-1.527588814496994019e-03
5.328486673533916473e-03
1.119271386414766312e-02
1.028095092624425888e-02
5.004003643989562988e-03
5.369253456592559814e-03
1.534106582403182983e-02
2.584620751440525055e-02
2.675103396177291870e-02
2.107238397002220154e-02
1.988229155540466309e-02
2.575028687715530396e-02
3.034175187349319458e-02
2.899787575006484985e-02
2.809520810842514038e-02
3.343351930379867554e-02
3.933139145374298096e-02
3.695502132177352905e-02
2.871629968285560608e-02
2.546203136444091797e-02
3.084663860499858856e-02
3.712715208530426025e-02
3.727675974369049072e-02
3.309057652950286865e-02
2.837870083749294281e-02
2.169644646346569061e-02
1.127908751368522644e-02
1.637607812881469727e-03
-1.758880913257598877e-03
-1.531254500150680542e-03
-5.236495286226272583e-03
-1.420199871063232422e-02
-2.205047011375427246e-02
-2.475148439407348633e-02
-2.590682357549667358e-02
-3.004463762044906616e-02
-3.598941117525100708e-02
-4.016089066863059998e-02
-4.258415102958679199e-02
-4.588065296411514282e-02
-5.070971325039863586e-02
-5.558192729949951172e-02
-5.948599427938461304e-02
-6.169998645782470703e-02
-6.052766740322113037e-02
-5.539977177977561951e-02
-4.931794852018356323e-02
-4.624255001544952393e-02
-4.653105884790420532e-02
-4.743661731481552124e-02
-4.730198159813880920e-02
-4.637416079640388489e-02
-4.415004700422286987e-02
-3.951349854469299316e-02
-3.388812020421028137e-02
-3.083714656531810760e-02
-3.125638514757156372e-02
-3.163699805736541748e-02
-2.860490046441555023e-02
-2.306361310184001923e-02
-1.833026297390460968e-02
-1.599876396358013153e-02
-1.530787907540798187e-02
-1.523831486701965332e-02
-1.551260892301797867e-02
-1.603749580681324005e-02
-1.629935577511787415e-02
-1.517409272491931915e-02
-1.188331283628940582e-02
-8.313855156302452087e-03
-8.924018591642379761e-03
-1.506178826093673706e-02
-2.023017778992652893e-02
-1.626052893698215485e-02
-5.290515720844268799e-03
7.174126803874969482e-04
-3.829699009656906128e-03
-8.620087057352066040e-03
-8.237250149250030518e-04
1.652991585433483124e-02
2.872460708022117615e-02
3.024201467633247375e-02
3.105547092854976654e-02
4.017793387174606323e-02
5.312663316726684570e-02
6.127422302961349487e-02
6.537170708179473877e-02
7.165005803108215332e-02
7.986848056316375732e-02
8.448813855648040771e-02
8.526793122291564941e-02
8.749713003635406494e-02
9.176171571016311646e-02
9.208285808563232422e-02
8.616475760936737061e-02
7.989535480737686157e-02
7.802155613899230957e-02
7.625681161880493164e-02
6.701299548149108887e-02
4.883431643247604370e-02
2.649285271763801575e-02
5.769705399870872498e-03
-8.368251845240592957e-03
-1.350742392241954803e-02
-1.514276675879955292e-02
-2.562027424573898315e-02
-5.003619566559791565e-02
-7.588725537061691284e-02
-8.581799268722534180e-02
-8.040670305490493774e-02
-7.839690893888473511e-02
-9.143573790788650513e-02
-1.084210649132728577e-01
-1.117098778486251831e-01
-1.010881364345550537e-01
-9.140657633543014526e-02
-9.002149105072021484e-02
-8.827701956033706665e-02
-7.698410749435424805e-02
-6.017678231000900269e-02
-4.781202971935272217e-02
-4.135698825120925903e-02
-3.383179754018783569e-02
-2.118402160704135895e-02
-6.687987595796585083e-03
5.612108856439590454e-03
1.591985858976840973e-02
2.557308785617351532e-02
3.323370963335037231e-02
3.700299561023712158e-02
3.829790651798248291e-02
4.103514552116394043e-02
4.699588567018508911e-02
5.281182378530502319e-02
5.192487686872482300e-02
4.083183407783508301e-02
2.456554770469665527e-02
1.397053524851799011e-02
1.421757414937019348e-02
1.715697348117828369e-02
9.831596165895462036e-03
-9.215425699949264526e-03
-2.804559469223022461e-02
-3.779404610395431519e-02
-4.399140551686286926e-02
-5.581721663475036621e-02
-7.033540308475494385e-02
-7.713697105646133423e-02
-7.611321657896041870e-02
-7.896967232227325439e-02
-9.078723192214965820e-02
-1.008614003658294678e-01
-9.799048304557800293e-02
-8.649618923664093018e-02
-7.875829190015792847e-02
-7.770612835884094238e-02
-7.626582682132720947e-02
-7.059559226036071777e-02
-6.331466883420944214e-02
-5.453474819660186768e-02
-4.056666046380996704e-02
-2.346667647361755371e-02
-1.180457696318626404e-02
-7.898820564150810242e-03
-3.235140815377235413e-03
8.005102165043354034e-03
1.931816339492797852e-02
2.314895391464233398e-02
2.422290295362472534e-02
3.162327408790588379e-02
4.266119748353958130e-02
4.642901569604873657e-02
4.174644500017166138e-02
3.956862539052963257e-02
4.602430015802383423e-02
5.413429066538810730e-02
5.629895627498626709e-02
5.527462065219879150e-02
5.714615434408187866e-02
6.189223378896713257e-02
6.796187907457351685e-02
7.874041795730590820e-02
9.539829194545745850e-02
1.087645515799522400e-01
1.091556251049041748e-01
1.021559685468673706e-01
1.034935563802719116e-01
1.166221946477890015e-01
1.247856989502906799e-01
1.099018454551696777e-01
7.406695187091827393e-02
3.858319669961929321e-02
2.407056652009487152e-02
3.167384490370750427e-02
4.011261090636253357e-02
2.307555824518203735e-02
-2.315345779061317444e-02
-7.001757621765136719e-02
-8.480158448219299316e-02
-7.053687423467636108e-02
-6.513815373182296753e-02
-9.359824657440185547e-02
-1.344657242298126221e-01
-1.485161483287811279e-01
-1.314628720283508301e-01
-1.171810328960418701e-01
-1.287766993045806885e-01
-1.483741700649261475e-01
-1.452413499355316162e-01
-1.173168495297431946e-01
-8.922353386878967285e-02
-7.793452590703964233e-02
-7.675857841968536377e-02
-7.055800408124923706e-02
-5.218702182173728943e-02
-2.314393967390060425e-02
9.032888337969779968e-03
3.091620467603206635e-02
3.276900947093963623e-02
2.380314655601978302e-02
2.762499265372753143e-02
5.429892241954803467e-02
8.495959639549255371e-02
9.415242075920104980e-02
8.163796365261077881e-02
6.990550458431243896e-02
7.248669862747192383e-02
7.852746546268463135e-02
7.204581797122955322e-02
5.429850518703460693e-02
3.880022838711738586e-02
3.161703795194625854e-02
2.629610523581504822e-02
1.528794411569833755e-02
-2.250170335173606873e-03
-2.313774451613426208e-02
-4.281607270240783691e-02
-5.494339764118194580e-02
-5.628253892064094543e-02
-5.448121950030326843e-02
-6.348000466823577881e-02
-8.608936518430709839e-02
-1.068801209330558777e-01
-1.092814207077026367e-01
-9.624762833118438721e-02
-8.596989512443542480e-02
-8.820078521966934204e-02
-9.378065168857574463e-02
-9.003229439258575439e-02
-7.803038507699966431e-02
-6.798244267702102661e-02
-6.265854835510253906e-02
-5.445206165313720703e-02
-3.884096443653106689e-02
-2.281732112169265747e-02
-1.590771600604057312e-02
-1.703329198062419891e-02
-1.528370566666126251e-02
-3.056477755308151245e-03
1.522838324308395386e-02
2.859340980648994446e-02
3.169802203774452209e-02
2.966120652854442596e-02
3.075496852397918701e-02
3.620676696300506592e-02
3.959970176219940186e-02
3.640285879373550415e-02
3.067575767636299133e-02
2.932753413915634155e-02
3.185587376356124878e-02
3.076778538525104523e-02
2.280548401176929474e-02
1.493961922824382782e-02
1.627761684358119965e-02
2.697559259831905365e-02
3.839481249451637268e-02
4.263836145401000977e-02
3.973987698554992676e-02
3.752954304218292236e-02
4.619314521551132202e-02
6.893999874591827393e-02
9.443133324384689331e-02
1.038641631603240967e-01
9.307391196489334106e-02
8.282652497291564941e-02
9.441643953323364258e-02
1.156208366155624390e-01
1.087223365902900696e-01
6.192772462964057922e-02
1.626010239124298096e-02
1.995323598384857178e-02
6.188597157597541809e-02
7.657752931118011475e-02
2.402728796005249023e-02
-5.695556849241256714e-02
-9.431257843971252441e-02
-7.015752792358398438e-02
-3.852981328964233398e-02
-5.477088317275047302e-02
-1.098752468824386597e-01
-1.486818194389343262e-01
-1.401595920324325562e-01
-1.098468527197837830e-01
-1.019907593727111816e-01
-1.255109906196594238e-01
-1.480486392974853516e-01
-1.381925344467163086e-01
-1.019096672534942627e-01
-7.251003384590148926e-02
-7.000926136970520020e-02
-7.917621731758117676e-02
-7.056941837072372437e-02
-3.681848943233489990e-02
2.081710845232009888e-04
1.729766838252544403e-02
1.546809449791908264e-02
1.344270259141921997e-02
2.354051172733306885e-02
4.259677976369857788e-02
6.245356798171997070e-02
7.829533517360687256e-02
8.592461794614791870e-02
8.169767260551452637e-02
7.038745284080505371e-02
6.482364237308502197e-02
7.017280906438827515e-02
7.429862022399902344e-02
6.270702928304672241e-02
3.957648575305938721e-02
2.316074445843696594e-02
2.012676559388637543e-02
1.597364619374275208e-02
-3.724398091435432434e-03
-3.167232125997543335e-02
-4.786561056971549988e-02
-4.637757316231727600e-02
-4.309684783220291138e-02
-5.526097118854522705e-02
-8.055530488491058350e-02
-1.009126082062721252e-01
-1.036973595619201660e-01
-9.447611868381500244e-02
-8.858524262905120850e-02
-9.294848889112472534e-02
-9.901683032512664795e-02
-9.462541341781616211e-02
-8.037018030881881714e-02
-6.936535239219665527e-02
-6.943552941083908081e-02
-7.132861763238906860e-02
-6.057647615671157837e-02
-3.798081725835800171e-02
-1.985183544456958771e-02
-1.676834374666213989e-02
-2.014755085110664368e-02
-1.442435942590236664e-02
3.340817056596279144e-03
2.218427881598472595e-02
3.194510936737060547e-02
3.255090489983558655e-02
3.007464669644832611e-02
2.990643493831157684e-02
3.412935882806777954e-02
4.044384509325027466e-02
4.284701496362686157e-02
3.764803707599639893e-02
2.916472218930721283e-02
2.488084137439727783e-02
2.485436573624610901e-02
2.196897938847541809e-02
1.415511965751647949e-02
9.303268045186996460e-03
1.377372816205024719e-02
2.192654460668563843e-02
2.334105223417282104e-02
1.715503446757793427e-02
1.339166425168514252e-02
2.188830450177192688e-02
4.399567842483520508e-02
7.188199460506439209e-02
9.154556691646575928e-02
9.215772151947021484e-02
8.042474836111068726e-02
7.974360138177871704e-02
1.019826978445053101e-01
1.233501806855201721e-01
1.073031127452850342e-01
5.637440830469131470e-02
2.049294859170913696e-02
3.733153641223907471e-02
7.862258702516555786e-02
7.990778982639312744e-02
2.083447575569152832e-02
-4.871808364987373352e-02
-7.028073817491531372e-02
-4.496266320347785950e-02
-2.506736665964126587e-02
-4.886572062969207764e-02
-1.013781204819679260e-01
-1.385467201471328735e-01
-1.364022046327590942e-01
-1.115496158599853516e-01
-9.919091314077377319e-02
-1.149082854390144348e-01
-1.380472481250762939e-01
-1.352036595344543457e-01
-1.010225713253021240e-01
-6.780308485031127930e-02
-6.702163070440292358e-02
-8.856995403766632080e-02
-9.243886172771453857e-02
-5.974124372005462646e-02
-1.561676338315010071e-02
4.926057532429695129e-03
-3.640688955783843994e-04
-4.798945039510726929e-03
9.932383894920349121e-03
3.592455014586448669e-02
5.640519037842750549e-02
6.575746834278106689e-02
6.804522126913070679e-02
6.694256514310836792e-02
6.489552557468414307e-02
6.597308069467544556e-02
7.139997929334640503e-02
7.456008344888687134e-02
6.719130277633666992e-02
5.051838606595993042e-02
3.498803824186325073e-02
2.754321694374084473e-02
2.310103364288806915e-02
1.156600378453731537e-02
-8.541427552700042725e-03
-2.721978351473808289e-02
-3.499960899353027344e-02
-3.527034074068069458e-02
-4.093500971794128418e-02
-5.846994370222091675e-02
-7.931587100028991699e-02
-8.999712765216827393e-02
-8.779545128345489502e-02
-8.182841539382934570e-02
-8.025200664997100830e-02
-8.230291306972503662e-02
-8.339495956897735596e-02
-8.167202025651931763e-02
-7.665170729160308838e-02
-6.687064468860626221e-02
-5.347784236073493958e-02
-4.238291084766387939e-02
-3.777335956692695618e-02
-3.587812185287475586e-02
-2.983202412724494934e-02
-1.866054162383079529e-02
-6.807424128055572510e-03
2.875963691622018814e-03
1.002836599946022034e-02
1.291725412011146545e-02
1.099089905619621277e-02
1.034560240805149078e-02
1.790258847177028656e-02
2.889578230679035187e-02
2.978135645389556885e-02
1.779822632670402527e-02
8.099797181785106659e-03
1.363281905651092529e-02
2.564167790114879608e-02
2.525039017200469971e-02
1.038389839231967926e-02
-1.637062057852745056e-03
9.887721389532089233e-04
9.278556331992149353e-03
8.401785977184772491e-03
-1.300999894738197327e-03
-6.416736170649528503e-03
1.142648980021476746e-03
1.623891666531562805e-02
3.025851584970951080e-02
4.188977181911468506e-02
5.553516000509262085e-02
7.211118936538696289e-02
8.522655814886093140e-02
8.858415484428405762e-02
8.651833981275558472e-02
9.202467650175094604e-02
1.089184433221817017e-01
1.196177154779434204e-01
1.018995419144630432e-01
6.072250381112098694e-02
3.102897852659225464e-02
3.808366507291793823e-02
6.260709464550018311e-02
6.034034490585327148e-02
1.563130132853984833e-02
-3.913646191358566284e-02
-6.262066960334777832e-02
-5.136397480964660645e-02
-3.882484138011932373e-02
-5.456199869513511658e-02
-9.410867094993591309e-02
-1.277257204055786133e-01
-1.323274075984954834e-01
-1.142264604568481445e-01
-1.021804958581924438e-01
-1.156034320592880249e-01
-1.398667097091674805e-01
-1.412985026836395264e-01
-1.102815270423889160e-01
-7.771044969558715820e-02
-7.706203311681747437e-02
-9.916374087333679199e-02
-1.027899682521820068e-01
-6.848280876874923706e-02
-2.203805558383464813e-02
1.313191838562488556e-03
-1.578014343976974487e-03
-7.214178331196308136e-03
1.761803403496742249e-03
2.440866082906723022e-02
5.273839458823204041e-02
7.773460447788238525e-02
8.807527273893356323e-02
7.988703250885009766e-02
6.798702478408813477e-02
7.191544771194458008e-02
8.844694495201110840e-02
9.332811832427978516e-02
7.543821632862091064e-02
5.365832149982452393e-02
4.972944408655166626e-02
5.718065798282623291e-02
5.167829990386962891e-02
2.528060227632522583e-02
-4.664631560444831848e-03
-1.935091614723205566e-02
-1.889230683445930481e-02
-1.759251765906810760e-02
-2.788548544049263000e-02
-5.048798769712448120e-02
-7.374919950962066650e-02
-8.259961754083633423e-02
-7.464365661144256592e-02
-6.614189594984054565e-02
-7.380875945091247559e-02
-9.186597168445587158e-02
-9.808278083801269531e-02
-8.389971405267715454e-02
-6.593037396669387817e-02
-6.189589202404022217e-02
-6.696498394012451172e-02
-6.415908783674240112e-02
-5.010583624243736267e-02
-3.772381693124771118e-02
-3.598181158304214478e-02
-3.855429589748382568e-02
-3.414789587259292603e-02
-2.038717269897460938e-02
-5.128501914441585541e-03
1.761363819241523743e-03
-2.440912649035453796e-03
-9.170453995466232300e-03
-5.641258787363767624e-03
9.575123898684978485e-03
2.155956625938415527e-02
1.659120619297027588e-02
1.564508303999900818e-03
-3.818020224571228027e-03
6.577715277671813965e-03
1.803384348750114441e-02
1.651795208454132080e-02
6.183771416544914246e-03
-5.434472113847732544e-04
-6.666928529739379883e-04
1.908279955387115479e-04
-3.746151924133300781e-04
1.601725816726684570e-04
2.866057679057121277e-03
7.307674735784530640e-03
1.476212218403816223e-02
2.427594922482967377e-02
2.976171858608722687e-02
3.009340539574623108e-02
3.770289570093154907e-02
6.395482271909713745e-02
9.660032391548156738e-02
1.076457798480987549e-01
9.000204503536224365e-02
7.228845357894897461e-02
8.419930934906005859e-02
1.149956956505775452e-01
1.230620890855789185e-01
8.831133693456649780e-02
4.103503748774528503e-02
2.873031981289386749e-02
5.929106473922729492e-02
8.856496959924697876e-02
6.903046369552612305e-02
5.116657353937625885e-03
-4.942857101559638977e-02
-5.196350067853927612e-02
-2.015215344727039337e-02
-1.052413322031497955e-02
-5.056694895029067993e-02
-1.067159026861190796e-01
-1.270529329776763916e-01
-1.041295826435089111e-01
-8.000837266445159912e-02
-9.131304174661636353e-02
-1.260237842798233032e-01
-1.428954005241394043e-01
-1.235169619321823120e-01
-9.168026596307754517e-02
-8.120162785053253174e-02
-9.558741748332977295e-02
-1.071041524410247803e-01
-9.217351675033569336e-02
-5.841039121150970459e-02
-3.254009783267974854e-02
-2.749427966773509979e-02
-3.026821650564670563e-02
-2.206831797957420349e-02
-6.552273407578468323e-04
2.252765931189060211e-02
3.937678039073944092e-02
4.992933943867683411e-02
5.472461134195327759e-02
5.400426313281059265e-02
5.429247021675109863e-02
6.398565322160720825e-02
7.888043671846389771e-02
8.282870054244995117e-02
6.919807195663452148e-02
5.231336504220962524e-02
4.834315925836563110e-02
5.210947617888450623e-02
4.506201297044754028e-02
2.297618240118026733e-02
2.145309932529926300e-03
-3.969750367105007172e-03
-2.461889758706092834e-03
-9.408375248312950134e-03
-2.849039062857627869e-02
-4.842553287744522095e-02
-5.772320553660392761e-02
-5.582381412386894226e-02
-5.139983072876930237e-02
-5.401119962334632874e-02
-6.601329892873764038e-02
-7.937195897102355957e-02
-8.222676813602447510e-02
-7.177183032035827637e-02
-5.856595188379287720e-02
-5.447196587920188904e-02
-5.848466977477073669e-02
-5.932850763201713562e-02
-5.099550634622573853e-02
-3.984219953417778015e-02
-3.486891463398933411e-02
-3.598203882575035095e-02
-3.548447042703628540e-02
-2.870449237525463104e-02
-1.919405721127986908e-02
-1.327594928443431854e-02
-1.203361153602600098e-02
-1.035819761455059052e-02
-3.644064068794250488e-03
5.973294377326965332e-03
1.153833977878093719e-02
9.478028863668441772e-03
3.977369517087936401e-03
1.749351620674133301e-03
3.970049321651458740e-03
5.858665332198143005e-03
3.683937713503837585e-03
-7.627084851264953613e-04
-3.504188731312751770e-03
-3.820705227553844452e-03
-4.506793804466724396e-03
-7.516368292272090912e-03
-1.090366765856742859e-02
-1.056196168065071106e-02
-4.949126392602920532e-03
2.220155205577611923e-03
5.187308415770530701e-03
3.054122440516948700e-03
2.379563637077808380e-03
1.093246228992938995e-02
2.912054955959320068e-02
4.946659505367279053e-02
6.437774002552032471e-02
7.231821864843368530e-02
7.649770379066467285e-02
8.063550293445587158e-02
8.731838315725326538e-02
9.747805446386337280e-02
1.082339212298393250e-01
1.121689230203628540e-01
1.024728491902351379e-01
8.125287294387817383e-02
6.180905550718307495e-02
5.860397219657897949e-02
7.079739868640899658e-02
7.704033702611923218e-02
5.439352989196777344e-02
7.052501663565635681e-03
-3.113029710948467255e-02
-3.336248919367790222e-02
-1.558835059404373169e-02
-2.043860033154487610e-02
-6.267413496971130371e-02
-1.077965348958969116e-01
-1.168954521417617798e-01
-9.834668040275573730e-02
-9.413993358612060547e-02
-1.206392198801040649e-01
-1.479698121547698975e-01
-1.441435217857360840e-01
-1.177129298448562622e-01
-1.016523391008377075e-01
-1.088115274906158447e-01
-1.213065832853317261e-01
-1.177698969841003418e-01
-9.453119337558746338e-02
-6.191705167293548584e-02
-3.436042368412017822e-02
-2.400360256433486938e-02
-2.973004989326000214e-02
-3.071708604693412781e-02
-5.400253459811210632e-03
3.857790306210517883e-02
6.758339703083038330e-02
6.292244791984558105e-02
4.525395855307579041e-02
4.652716219425201416e-02
6.869311630725860596e-02
8.619966357946395874e-02
8.321984112262725830e-02
7.014563679695129395e-02
6.287061423063278198e-02
6.256333738565444946e-02
6.131489574909210205e-02
5.473450198769569397e-02
4.190497845411300659e-02
2.327473461627960205e-02
5.819231271743774414e-03
2.826359122991561890e-04
4.534712061285972595e-03
-4.053274169564247131e-04
-2.568492479622364044e-02
-5.415786057710647583e-02
-6.049349159002304077e-02
-4.752937331795692444e-02
-4.361255094408988953e-02
-6.172151863574981689e-02
-8.106787502765655518e-02
-7.902580499649047852e-02
-6.427937000989913940e-02
-6.147952750325202942e-02
-7.344590127468109131e-02
-7.926139980554580688e-02
-6.789062917232513428e-02
-5.343975499272346497e-02
-5.139340087771415710e-02
-5.604105815291404724e-02
-5.205790698528289795e-02
-3.760945051908493042e-02
-2.376955002546310425e-02
-1.717033237218856812e-02
-1.499655283987522125e-02
-1.399537734687328339e-02
-1.330419164150953293e-02
-9.517649188637733459e-03
2.165017649531364441e-04
9.583675302565097809e-03
8.265890181064605713e-03
-1.826981082558631897e-03
-6.145562976598739624e-03
1.871937885880470276e-03
1.014476362615823746e-02
5.907072685658931732e-03
-4.596299491822719574e-03
-5.885550752282142639e-03
2.606259193271398544e-03
5.876429378986358643e-03
-3.331367392092943192e-03
-1.369254104793071747e-02
-1.223741285502910614e-02
-1.915924251079559326e-03
4.622211679816246033e-03
1.886369660496711731e-03
-5.117150023579597473e-03
-9.656448848545551300e-03
-7.945984601974487305e-03
1.788867637515068054e-03
1.711021363735198975e-02
2.952841855585575104e-02
3.267410025000572205e-02
3.289271146059036255e-02
4.404544830322265625e-02
6.875946372747421265e-02
9.137500822544097900e-02
9.520353376865386963e-02
8.348284661769866943e-02
7.677955925464630127e-02
8.902370184659957886e-02
1.106050163507461548e-01
1.182080209255218506e-01
1.004537194967269897e-01
7.121404260396957397e-02
5.567085742950439453e-02
6.334976106882095337e-02
7.726955413818359375e-02
7.176128029823303223e-02
3.978938609361648560e-02
-1.496616750955581665e-04
-2.403695322573184967e-02
-2.627168782055377960e-02
-2.296242490410804749e-02
-3.392460197210311890e-02
-6.285549700260162354e-02
-9.418140351772308350e-02
-1.091324612498283386e-01
-1.058240085840225220e-01
-1.017002463340759277e-01
-1.127985119819641113e-01
-1.327697634696960449e-01
-1.397279202938079834e-01
-1.249587684869766235e-01
-1.054814010858535767e-01
-1.016755029559135437e-01
-1.100777164101600647e-01
-1.092032939195632935e-01
-8.911414444446563721e-02
-6.271669268608093262e-02
-4.602734744548797607e-02
-3.881491720676422119e-02
-3.047144971787929535e-02
-1.588927581906318665e-02
2.739994786679744720e-03
2.370442077517509460e-02
4.562988504767417908e-02
6.224400177597999573e-02
6.684619188308715820e-02
6.273216754198074341e-02
6.171169877052307129e-02
7.011614739894866943e-02
8.164183795452117920e-02
8.608721196651458740e-02
8.061806112527847290e-02
7.021893560886383057e-02
6.087918579578399658e-02
5.471692234277725220e-02
4.909916967153549194e-02
3.910369798541069031e-02
2.338710427284240723e-02
7.695907726883888245e-03
-1.614168286323547363e-03
-7.617390248924493790e-03
-1.988840103149414062e-02
-3.933754563331604004e-02
-5.375622957944869995e-02
-5.433268845081329346e-02
-4.982874542474746704e-02
-5.512035265564918518e-02
-6.950870156288146973e-02
-7.761722803115844727e-02
-7.193648815155029297e-02
-6.307829916477203369e-02
-6.334292143583297729e-02
-6.966909766197204590e-02
-7.047478854656219482e-02
-6.320209801197052002e-02
-5.594153702259063721e-02
-5.393370613455772400e-02
-5.305727571249008179e-02
-4.767296835780143738e-02
-3.852016851305961609e-02
-3.041561320424079895e-02
-2.607586234807968140e-02
-2.430047094821929932e-02
-2.164745330810546875e-02
-1.474112458527088165e-02
-3.523277118802070618e-03
6.915129721164703369e-03
1.071250904351472855e-02
8.716423995792865753e-03
8.477328345179557800e-03
1.472090370953083038e-02
2.271634154021739960e-02
2.433604374527931213e-02
1.900878921151161194e-02
1.473702955991029739e-02
1.777936518192291260e-02
2.431065216660499573e-02
2.455681748688220978e-02
1.477019675076007843e-02
3.015029244124889374e-03
8.336594328284263611e-04
8.978174999356269836e-03
1.481467764824628830e-02
7.430215831845998764e-03
-7.027062587440013885e-03
-1.157959923148155212e-02
-7.594116032123565674e-04
1.104728877544403076e-02
8.545182645320892334e-03
-3.802058985456824303e-03
-8.517935872077941895e-03
1.355589367449283600e-03
1.630286127328872681e-02
2.762739174067974091e-02
3.841256350278854370e-02
5.240114778280258179e-02
6.312164664268493652e-02
6.392972916364669800e-02
6.190724298357963562e-02
6.979556381702423096e-02
8.650058507919311523e-02
9.717541188001632690e-02
9.321763366460800171e-02
8.139504492282867432e-02
7.081276178359985352e-02
6.201372295618057251e-02
5.422096699476242065e-02
5.206098407506942749e-02
5.511842295527458191e-02
4.937500506639480591e-02
2.304421365261077881e-02
-1.220883056521415710e-02
-3.089653141796588898e-02
-2.697026729583740234e-02
-2.374902181327342987e-02
-4.346488416194915771e-02
-7.785739004611968994e-02
-1.004307866096496582e-01
-1.017845049500465393e-01
-9.897018224000930786e-02
-1.091998293995857239e-01
-1.267485618591308594e-01
-1.329401433467864990e-01
-1.222847551107406616e-01
-1.092947795987129211e-01
-1.089776009321212769e-01
-1.172211840748786926e-01
-1.154663264751434326e-01
-9.376089274883270264e-02
-6.406535953283309937e-02
-4.682248085737228394e-02
-4.651235789060592651e-02
-4.696502536535263062e-02
-3.266686201095581055e-02
-7.690242491662502289e-03
1.261652167886495590e-02
2.328938618302345276e-02
3.301091119647026062e-02
4.704144597053527832e-02
5.874881520867347717e-02
6.232370436191558838e-02
6.367155164480209351e-02
7.048922777175903320e-02
7.854452729225158691e-02
7.795788347721099854e-02
6.933676451444625854e-02
6.264688074588775635e-02
6.063682213425636292e-02
5.457171052694320679e-02
3.943659365177154541e-02
2.351131290197372437e-02
1.662135869264602661e-02
1.560380682349205017e-02
8.882061578333377838e-03
-7.853988558053970337e-03
-2.704440429806709290e-02
-3.894901275634765625e-02
-4.112665727734565735e-02
-3.925612568855285645e-02
-4.215021431446075439e-02
-5.440689250826835632e-02
-7.054598629474639893e-02
-7.849775254726409912e-02
-7.280211150646209717e-02
-6.203163787722587585e-02
-5.850018560886383057e-02
-6.306533515453338623e-02
-6.611745804548263550e-02
-6.183833628892898560e-02
-5.400812625885009766e-02
-4.763013124465942383e-02
-4.269159957766532898e-02
-3.821895644068717957e-02
-3.518002852797508240e-02
-3.217475861310958862e-02
-2.503301016986370087e-02
-1.462833490222692490e-02
-8.364949375391006470e-03
-8.869847282767295837e-03
-7.993938401341438293e-03
1.105063594877719879e-03
1.208762824535369873e-02
1.448665373027324677e-02
9.969735518097877502e-03
8.968424052000045776e-03
1.341142691671848297e-02
1.446802914142608643e-02
8.063454180955886841e-03
1.140881329774856567e-03
-6.706584244966506958e-04
-1.107501797378063202e-03
-4.182359203696250916e-03
-6.755485199391841888e-03
-6.569948047399520874e-03
-8.802426978945732117e-03
-1.653358340263366699e-02
-2.253028750419616699e-02
-2.024804987013339996e-02
-1.643506437540054321e-02
-2.123573981225490570e-02
-3.054994530975818634e-02
-3.163167834281921387e-02
-2.401646226644515991e-02
-1.998740062117576599e-02
-2.298859134316444397e-02
-2.119297534227371216e-02
-8.124514482915401459e-03
5.082048475742340088e-03
7.983201183378696442e-03
9.274912066757678986e-03
2.341018989682197571e-02
4.672402143478393555e-02
6.238429993391036987e-02
6.597717106342315674e-02
7.056850194931030273e-02
8.496285974979400635e-02
1.011711955070495605e-01
1.087245941162109375e-01
1.098944917321205139e-01
1.126951649785041809e-01
1.165487840771675110e-01
1.138789579272270203e-01
1.023097261786460876e-01
8.788745105266571045e-02
7.728133350610733032e-02
7.110439240932464600e-02
6.342684477567672729e-02
4.560008645057678223e-02
1.462897099554538727e-02
-1.903324946761131287e-02
-3.801186382770538330e-02
-3.871058672666549683e-02
-4.015299677848815918e-02
-6.267757713794708252e-02
-1.004468053579330444e-01
-1.264560222625732422e-01
-1.261265575885772705e-01
-1.147071123123168945e-01
-1.160637587308883667e-01
-1.334113180637359619e-01
-1.495454758405685425e-01
-1.505790054798126221e-01
-1.395446360111236572e-01
-1.272752583026885986e-01
-1.182293891906738281e-01
-1.083323955535888672e-01
-9.275608509778976440e-02
-7.285332679748535156e-02
-5.562507361173629761e-02
-4.579643160104751587e-02
-3.818827867507934570e-02
-2.153531461954116821e-02
7.007535547018051147e-03
3.492455929517745972e-02
4.760605096817016602e-02
4.636623710393905640e-02
4.622150957584381104e-02
5.634173378348350525e-02
7.088563591241836548e-02
8.077576756477355957e-02
8.544676005840301514e-02
8.791670203208923340e-02
8.634436130523681641e-02
7.863823324441909790e-02
6.999058276414871216e-02
6.624133139848709106e-02
6.273602694272994995e-02
5.021913349628448486e-02
3.110066242516040802e-02
1.836417801678180695e-02
1.568663120269775391e-02
1.028482336550951004e-02
-7.785169407725334167e-03
-2.927771583199501038e-02
-3.918037563562393188e-02
-3.972709178924560547e-02
-4.666453599929809570e-02
-6.431928277015686035e-02
-7.843058556318283081e-02
-7.760107517242431641e-02
-6.990882009267807007e-02
-7.013589888811111450e-02
-7.863022387027740479e-02
-8.310325443744659424e-02
-7.751445472240447998e-02
-6.853580474853515625e-02
-6.321988999843597412e-02
-5.978976562619209290e-02
-5.385415628552436829e-02
-4.633362591266632080e-02
-4.001333564519882202e-02
-3.311720490455627441e-02
-2.236544340848922729e-02
-9.914755821228027344e-03
-1.196455210447311401e-03
3.466054797172546387e-03
9.135823696851730347e-03
1.719436421990394592e-02
2.198589593172073364e-02
1.996880024671554565e-02
1.720512285828590393e-02
2.152542397379875183e-02
2.954269200563430786e-02
2.932112105190753937e-02
1.745656318962574005e-02
5.803978070616722107e-03
5.861526355147361755e-03
1.220836583524942398e-02
9.876077994704246521e-03
-4.293372854590415955e-03
-1.779219694435596466e-02
-2.135297842323780060e-02
-2.117775008082389832e-02
-2.642109617590904236e-02
-3.358898311853408813e-02
-3.358015418052673340e-02
-2.884724177420139313e-02
-3.092280030250549316e-02
-4.151160269975662231e-02
-4.856955260038375854e-02
-4.439888894557952881e-02
-3.637720644474029541e-02
-3.373210877180099487e-02
-3.359153866767883301e-02
-2.878426201641559601e-02
-2.147968672215938568e-02
-1.805091090500354767e-02
-1.550722122192382812e-02
-5.450576543807983398e-03
1.036350801587104797e-02
2.116408012807369232e-02
2.504454925656318665e-02
3.341058269143104553e-02
5.331846326589584351e-02
7.610110938549041748e-02
9.003175050020217896e-02
9.561438858509063721e-02
1.007277518510818481e-01
1.076914668083190918e-01
1.137020513415336609e-01
1.186707243323326111e-01
1.234202906489372253e-01
1.237341761589050293e-01
1.153671294450759888e-01
1.025965213775634766e-01
9.290227293968200684e-02
8.514658361673355103e-02
7.247893512248992920e-02
5.522737279534339905e-02
3.952785581350326538e-02
2.315293066203594208e-02
-3.660518676042556763e-03
-3.903373330831527710e-02
-6.475879251956939697e-02
-7.008893042802810669e-02
-6.983683258295059204e-02
-8.640599250793457031e-02
-1.196861863136291504e-01
-1.477354168891906738e-01
-1.553071737289428711e-01
-1.493579894304275513e-01
-1.450427174568176270e-01
-1.473173946142196655e-01
-1.507656276226043701e-01
-1.497350633144378662e-01
-1.428386270999908447e-01
-1.313626915216445923e-01
-1.176017150282859802e-01
-1.031367331743240356e-01
-8.718490600585937500e-02
-6.864391267299652100e-02
-4.957135021686553955e-02
-3.298118337988853455e-02
-1.737002283334732056e-02
1.760806888341903687e-03
2.439510449767112732e-02
4.511811584234237671e-02
6.053722649812698364e-02
7.203175127506256104e-02
8.031652122735977173e-02
8.428897708654403687e-02
8.717564493417739868e-02
9.529563784599304199e-02
1.063670963048934937e-01
1.079626828432083130e-01
9.480243176221847534e-02
7.937554270029067993e-02
7.535139471292495728e-02
7.706201076507568359e-02
6.830336153507232666e-02
4.772759228944778442e-02
3.030067682266235352e-02
2.281479164958000183e-02
1.361170038580894470e-02
-7.435470819473266602e-03
-3.214908391237258911e-02
-4.699435830116271973e-02
-5.323088169097900391e-02
-6.264618784189224243e-02
-7.869609445333480835e-02
-9.333437681198120117e-02
-1.004498898983001709e-01
-1.022471264004707336e-01
-1.022523492574691772e-01
-1.006131470203399658e-01
-9.762975573539733887e-02
-9.495569020509719849e-02
-9.161526709794998169e-02
-8.448743820190429688e-02
-7.402053475379943848e-02
-6.417885422706604004e-02
-5.570430308580398560e-02
-4.498596861958503723e-02
-3.100603446364402771e-02
-1.770266145467758179e-02
-7.433332502841949463e-03
2.242401242256164551e-03
1.270591095089912415e-02
2.105628512799739838e-02
2.639510855078697205e-02
3.374248743057250977e-02
4.659875109791755676e-02
5.992484092712402344e-02
6.616575270891189575e-02
6.512843072414398193e-02
6.227727234363555908e-02
5.984781682491302490e-02
5.574037879705429077e-02
4.952143132686614990e-02
4.316825047135353088e-02
3.645063564181327820e-02
2.757379040122032166e-02
1.817426458001136780e-02
1.148303225636482239e-02
5.352478474378585815e-03
-5.877453833818435669e-03
-2.109196223318576813e-02
-3.149345889687538147e-02
-3.345774859189987183e-02
-3.517077863216400146e-02
-4.482644796371459961e-02
-5.803653597831726074e-02
-6.437011063098907471e-02
-6.258551776409149170e-02
-6.082525104284286499e-02
-6.301372498273849487e-02
-6.396472454071044922e-02
-5.951075628399848938e-02
-5.344500392675399780e-02
-5.039424449205398560e-02
-4.788532853126525879e-02
-4.090596362948417664e-02
-3.047942370176315308e-02
-2.186597883701324463e-02
-1.615043729543685913e-02
-9.355824440717697144e-03
2.770349383354187012e-04
9.436734020709991455e-03
1.559763029217720032e-02
2.148012071847915649e-02
3.102822601795196533e-02
4.361846297979354858e-02
5.515618994832038879e-02
6.343529373407363892e-02
6.960056722164154053e-02
7.494129240512847900e-02
7.907510548830032349e-02
8.183184266090393066e-02
8.475531637668609619e-02
8.941449224948883057e-02
9.515710175037384033e-02
9.945090115070343018e-02
9.993837773799896240e-02
9.576877206563949585e-02
8.776998519897460938e-02
7.797434926033020020e-02
6.828068941831588745e-02
5.895756185054779053e-02
4.909657686948776245e-02
3.873482346534729004e-02
2.884845621883869171e-02
1.819299720227718353e-02
2.571497112512588501e-03
-1.953060179948806763e-02
-4.179372638463973999e-02
-5.521927773952484131e-02
-5.961932986974716187e-02
-6.548427045345306396e-02
-8.114465326070785522e-02
-1.014585793018341064e-01
-1.140392646193504333e-01
-1.149792373180389404e-01
-1.126410961151123047e-01
-1.154268532991409302e-01
-1.216266527771949768e-01
-1.241716742515563965e-01
-1.206571310758590698e-01
-1.139809787273406982e-01
-1.058201044797897339e-01
-9.496876597404479980e-02
-8.175376057624816895e-02
-6.923230737447738647e-02
-5.880899354815483093e-02
-4.817056655883789062e-02
-3.499122709035873413e-02
-1.983067020773887634e-02
-4.033450037240982056e-03
1.217129081487655640e-02
2.744601294398307800e-02
3.820852190256118774e-02
4.287809506058692932e-02
4.535741358995437622e-02
5.087413638830184937e-02
5.939140170812606812e-02
6.629678606986999512e-02
6.856732070446014404e-02
6.654705107212066650e-02
6.052395328879356384e-02
5.059377104043960571e-02
4.044156521558761597e-02
3.540603071451187134e-02
3.403461724519729614e-02
2.701560780405998230e-02
9.264841675758361816e-03
-1.129606366157531738e-02
-2.339636534452438354e-02
-2.787740528583526611e-02
-3.551407903432846069e-02
-5.012024194002151489e-02
-6.304529309272766113e-02
-6.721088290214538574e-02
-6.786321103572845459e-02
-7.325448840856552124e-02
-8.120414614677429199e-02
-8.317070454359054565e-02
-7.803209871053695679e-02
-7.288914918899536133e-02
-7.107982784509658813e-02
-6.794016063213348389e-02
-5.970118939876556396e-02
-4.902975261211395264e-02
-3.919506445527076721e-02
-2.932493761181831360e-02
-1.867480576038360596e-02
-9.497011080384254456e-03
-1.733925193548202515e-03
9.247057139873504639e-03
2.469402179121971130e-02
3.788581490516662598e-02
4.373422265052795410e-02
4.778761416673660278e-02
5.767291784286499023e-02
6.966839730739593506e-02
7.383955270051956177e-02
7.068550586700439453e-02
7.106711715459823608e-02
7.802378386259078979e-02
8.044315129518508911e-02
7.014317065477371216e-02
5.508000403642654419e-02
4.731168597936630249e-02
4.533769562840461731e-02
3.836356848478317261e-02
2.359908074140548706e-02
8.766663260757923126e-03
-1.029864884912967682e-03
-9.013067930936813354e-03
-1.882884465157985687e-02
-2.981357462704181671e-02
-4.180330038070678711e-02
-5.634752660989761353e-02
-7.031396776437759399e-02
-7.625510543584823608e-02
-7.358016818761825562e-02
-7.237705588340759277e-02
-8.033753931522369385e-02
-9.150721132755279541e-02
-9.464254975318908691e-02
-8.834095299243927002e-02
-8.046409487724304199e-02
-7.557942718267440796e-02
-7.116881757974624634e-02
-6.516833603382110596e-02
-5.894558876752853394e-02
-5.191640928387641907e-02
-4.078810662031173706e-02
-2.629080414772033691e-02
-1.386541500687599182e-02
-4.897791892290115356e-03
5.910500884056091309e-03
2.048238366842269897e-02
3.171117976307868958e-02
3.422447293996810913e-02
3.491300716996192932e-02
4.390201717615127563e-02
5.833090096712112427e-02
6.545089185237884521e-02
6.194036453962326050e-02
5.959126725792884827e-02
6.803464144468307495e-02
8.097204566001892090e-02
8.630349487066268921e-02
8.317083120346069336e-02
8.020994067192077637e-02
8.079345524311065674e-02
7.997097820043563843e-02
7.557143270969390869e-02
7.244390249252319336e-02
7.273562252521514893e-02
7.031004875898361206e-02
6.022145599126815796e-02
4.770527407526969910e-02
4.118386656045913696e-02
4.019269719719886780e-02
3.710930049419403076e-02
2.848958224058151245e-02
1.740086451172828674e-02
5.461964756250381470e-03
-9.403713047504425049e-03
-2.588371559977531433e-02
-3.766120970249176025e-02
-4.269760847091674805e-02
-4.808313399553298950e-02
-6.063586473464965820e-02
-7.711103558540344238e-02
-8.915679156780242920e-02
-9.457094967365264893e-02
-9.768719226121902466e-02
-1.009311452507972717e-01
-1.025448590517044067e-01
-1.020098105072975159e-01
-1.014937832951545715e-01
-1.012914702296257019e-01
-9.899964928627014160e-02
-9.385455399751663208e-02
-8.712180703878402710e-02
-7.817514240741729736e-02
-6.595876067876815796e-02
-5.449620634317398071e-02
-4.942015558481216431e-02
-4.719230160117149353e-02
-3.653024882078170776e-02
-1.519822515547275543e-02
3.289284184575080872e-03
7.293784990906715393e-03
3.964025527238845825e-03
8.404728025197982788e-03
2.141585573554039001e-02
3.060305118560791016e-02
3.128112852573394775e-02
3.193273022770881653e-02
3.695596382021903992e-02
3.836269676685333252e-02
3.109272010624408722e-02
2.413631230592727661e-02
2.636584267020225525e-02
3.056926839053630829e-02
2.387296035885810852e-02
8.459381759166717529e-03
-1.320493407547473907e-03
-5.989000201225280762e-04
2.073310315608978271e-04
-7.273716386407613754e-03
-1.799154654145240784e-02
-2.390625327825546265e-02
-2.627701684832572937e-02
-3.085877560079097748e-02
-3.710761666297912598e-02
-3.937126696109771729e-02
-3.590631484985351562e-02
-3.102583810687065125e-02
-2.936230227351188660e-02
-3.139007836580276489e-02
-3.355800360441207886e-02
-3.119074553251266479e-02
-2.336250804364681244e-02
-1.560933701694011688e-02
-1.399244181811809540e-02
-1.570724509656429291e-02
-1.151902694255113602e-02
1.383032649755477905e-04
8.940290659666061401e-03
7.630651816725730896e-03
3.696952946484088898e-03
8.023766800761222839e-03
1.810841262340545654e-02
2.321206219494342804e-02
2.219761908054351807e-02
2.366103231906890869e-02
2.935505285859107971e-02
3.104471415281295776e-02
2.621028572320938110e-02
2.360829710960388184e-02
2.790189906954765320e-02
3.112920373678207397e-02
2.721546217799186707e-02
2.349380031228065491e-02
2.731650322675704956e-02
3.127103671431541443e-02
2.521357685327529907e-02
1.551570184528827667e-02
1.607421040534973145e-02
2.364357188344001770e-02
1.990015059709548950e-02
-3.087017685174942017e-04
-1.965441182255744934e-02
-2.302326634526252747e-02
-1.696914061903953552e-02
-1.614450663328170776e-02
-2.282175794243812561e-02
-3.062869980931282043e-02
-3.844565153121948242e-02
-4.759132862091064453e-02
-5.211291462182998657e-02
-4.607367515563964844e-02
-3.729439899325370789e-02
-3.993568569421768188e-02
-5.344978347420692444e-02
-6.157098710536956787e-02
-5.436272174119949341e-02
-4.002858698368072510e-02
-3.129776194691658020e-02
-3.026781976222991943e-02
-3.168426826596260071e-02
-3.222536295652389526e-02
-3.009941428899765015e-02
-2.249332144856452942e-02
-1.038822904229164124e-02
-8.876249194145202637e-04
1.384630799293518066e-03
8.052252233028411865e-04
3.247871994972229004e-03
7.115390151739120483e-03
8.190672844648361206e-03
8.376229554414749146e-03
1.166395843029022217e-02
1.521869935095310211e-02
1.335092633962631226e-02
8.038831874728202820e-03
6.231584586203098297e-03
7.786603644490242004e-03
5.880850367248058319e-03
-1.925639808177947998e-04
-2.911878749728202820e-03
4.262290894985198975e-04
2.672746777534484863e-03
-6.719231605529785156e-04
-3.311119973659515381e-03
9.263902902603149414e-04
6.975298747420310974e-03
6.626535207033157349e-03
1.916024833917617798e-03
1.447159796953201294e-03
7.182776927947998047e-03
1.391880027949810028e-02
1.937445998191833496e-02
2.539701759815216064e-02
3.015955537557601929e-02
2.904641255736351013e-02
2.453742735087871552e-02
2.587260119616985321e-02
3.558070957660675049e-02
4.422405362129211426e-02
4.286374151706695557e-02
3.409830853343009949e-02
2.587060071527957916e-02
2.041277848184108734e-02
1.538779959082603455e-02
1.099050790071487427e-02
8.491705171763896942e-03
4.505979828536510468e-03
-5.736212246119976044e-03
-2.002861537039279938e-02
-3.066237270832061768e-02
-3.473422303795814514e-02
-3.732331469655036926e-02
-4.334292560815811157e-02
-5.149544775485992432e-02
-5.823987349867820740e-02
-6.305108964443206787e-02
-6.676700711250305176e-02
-6.821367144584655762e-02
-6.601215898990631104e-02
-6.187021359801292419e-02
-5.904649570584297180e-02
-5.840484425425529480e-02
-5.805841833353042603e-02
-5.602727830410003662e-02
-5.142131447792053223e-02
-4.394078254699707031e-02
-3.439122810959815979e-02
-2.552860230207443237e-02
-2.043920755386352539e-02
-1.928822323679924011e-02
-1.846471428871154785e-02
-1.382340490818023682e-02
-5.144488066434860229e-03
2.898020204156637192e-03
5.326746497303247452e-03
2.972594927996397018e-03
2.295552752912044525e-03
7.290026172995567322e-03
1.352496352046728134e-02
1.398385874927043915e-02
9.714261628687381744e-03
8.881802670657634735e-03
1.392175815999507904e-02
1.636909320950508118e-02
9.319316595792770386e-03
-5.388904828578233719e-04
-1.314747380092740059e-03
6.243473384529352188e-03
8.941547945141792297e-03
5.100425332784652710e-04
-8.764076046645641327e-03
-7.220571860671043396e-03
7.839128375053405762e-04
1.381668262183666229e-03
-8.439952507615089417e-03
-1.696582138538360596e-02
-1.514171436429023743e-02
-8.701971732079982758e-03
-8.164759725332260132e-03
-1.335301250219345093e-02
-1.539007574319839478e-02
-1.125317066907882690e-02
-7.944074459373950958e-03
-1.093062199652194977e-02
-1.558276079595088959e-02
-1.436670031398534775e-02
-7.779173552989959717e-03
-2.324569970369338989e-03
-9.559746831655502319e-05
2.891245996579527855e-03
7.957791909575462341e-03
1.038364507257938385e-02
7.629182655364274979e-03
4.987367894500494003e-03
8.023288100957870483e-03
1.369979418814182281e-02
1.539607904851436615e-02
1.393922325223684311e-02
1.586410775780677795e-02
2.142459526658058167e-02
2.319472655653953552e-02
1.875547505915164948e-02
1.586641743779182434e-02
1.975971087813377380e-02
2.320095524191856384e-02
1.754117757081985474e-02
8.042115718126296997e-03
7.315287832170724869e-03
1.540295034646987915e-02
1.819665916264057159e-02
8.027628995478153229e-03
-4.959347192198038101e-03
-8.022552356123924255e-03
-4.301854874938726425e-03
-7.604701910167932510e-03
-2.272277697920799255e-02
-3.927170485258102417e-02
-4.484849423170089722e-02
-3.884761780500411987e-02
-3.275562077760696411e-02
-3.928771242499351501e-02
-5.941721796989440918e-02
-7.788462936878204346e-02
-7.617413997650146484e-02
-5.494774505496025085e-02
-3.823218122124671936e-02
-4.659039527177810669e-02
-6.985776871442794800e-02
-7.843787223100662231e-02
-6.130067259073257446e-02
-3.871808946132659912e-02
-3.276679664850234985e-02
-3.944079205393791199e-02
-4.036859050393104553e-02
-3.083646111190319061e-02
-2.115220576524734497e-02
-1.607398502528667450e-02
-9.516969323158264160e-03
4.834923893213272095e-04
6.885767914354801178e-03
7.296673022210597992e-03
9.258257225155830383e-03
1.616979949176311493e-02
1.985251344740390778e-02
1.505575422197580338e-02
1.072098873555660248e-02
1.621314883232116699e-02
2.466250583529472351e-02
2.283690869808197021e-02
1.256654597818851471e-02
8.418325334787368774e-03
1.543309260159730911e-02
2.283416502177715302e-02
2.166437357664108276e-02
1.621775701642036438e-02
1.393085159361362457e-02
1.505096256732940674e-02
1.787325367331504822e-02
2.398479543626308441e-02
3.118061274290084839e-02
3.073704242706298828e-02
2.109491080045700073e-02
1.609661616384983063e-02
2.777766995131969452e-02
4.645085334777832031e-02
5.142407491803169250e-02
3.943404555320739746e-02
2.831782028079032898e-02
3.093495592474937439e-02
3.919953852891921997e-02
3.931845352053642273e-02
3.102223202586174011e-02
2.324180677533149719e-02
1.924626529216766357e-02
1.576072536408901215e-02
1.158318948000669479e-02
7.734995335340499878e-03
2.075400669127702713e-03
-7.790038362145423889e-03
-1.813136227428913116e-02
-2.340940944850444794e-02
-2.558213472366333008e-02
-3.132291883230209351e-02
-4.069290310144424438e-02
-4.676397889852523804e-02
-4.703278839588165283e-02
-4.701651260256767273e-02
-5.060282349586486816e-02
-5.452371388673782349e-02
-5.534270033240318298e-02
-5.486492067575454712e-02
-5.509059503674507141e-02
-5.450520291924476624e-02
-5.324739217758178711e-02
-5.486596375703811646e-02
-5.807539448142051697e-02
-5.452122166752815247e-02
-4.183539748191833496e-02
-3.139624744653701782e-02
-3.319586068391799927e-02
-3.894336521625518799e-02
-3.278426453471183777e-02
-1.571084186434745789e-02
-4.855392500758171082e-03
-7.765090558677911758e-03
-1.241752784699201584e-02
-7.817463018000125885e-03
-2.953278599306941032e-04
-4.028668627142906189e-05
-3.167421324178576469e-03
8.714711293578147888e-05
7.187307812273502350e-03
7.678071036934852600e-03
1.812739064916968346e-03
1.810231478884816170e-04
5.248521454632282257e-03
7.586583960801362991e-03
3.093847539275884628e-03
2.682405756786465645e-04
4.510785453021526337e-03
7.505252026021480560e-03
1.195784308947622776e-03
-7.470089010894298553e-03
-7.071219384670257568e-03
-3.733593039214611053e-04
1.825804356485605240e-04
-7.412557490170001984e-03
-1.215002313256263733e-02
-8.234668523073196411e-03
-3.836932592093944550e-03
-7.372259162366390228e-03
-1.461750734597444534e-02
-1.607952639460563660e-02
-1.105048041790723801e-02
-7.346973754465579987e-03
-1.004157960414886475e-02
-1.609886810183525085e-02
-1.900998875498771667e-02
-1.514476817101240158e-02
-6.689785048365592957e-03
-4.853856517001986504e-04
-1.784235937520861626e-03
-7.322417572140693665e-03
-7.946522906422615051e-03
-4.950801376253366470e-04
7.415555417537689209e-03
8.313585072755813599e-03
5.608508829027414322e-03
7.303780876100063324e-03
1.312746293842792511e-02
1.614349894225597382e-02
1.499691978096961975e-02
1.509413775056600571e-02
1.742482930421829224e-02
1.617106422781944275e-02
1.018793135881423950e-02
7.248222827911376953e-03
1.167065929621458054e-02
1.621049083769321442e-02
1.330812089145183563e-02
7.202908396720886230e-03
6.172113120555877686e-03
8.448850363492965698e-03
6.133003160357475281e-03
-6.654141470789909363e-04
-5.061896052211523056e-03
-7.116107270121574402e-03
-1.379238162189722061e-02
-2.416628785431385040e-02
-2.785023674368858337e-02
-2.267535403370857239e-02
-2.126591093838214874e-02
-3.204595297574996948e-02
-4.479675367474555969e-02
-4.604520648717880249e-02
-3.990464657545089722e-02
-3.992571309208869934e-02
-4.609365761280059814e-02
-4.597901552915573120e-02
-3.725869581103324890e-02
-3.217783570289611816e-02
-3.620918095111846924e-02
-3.810375556349754333e-02
-2.878175675868988037e-02
-1.661373488605022430e-02
-1.318580098450183868e-02
-1.460699643939733505e-02
-1.003591343760490417e-02
-1.046872697770595551e-03
2.419138327240943909e-03
1.075790263712406158e-03
5.125650670379400253e-03
1.451966725289821625e-02
1.686166599392890930e-02
8.948629721999168396e-03
4.884643945842981339e-03
1.445607841014862061e-02
2.636354044079780579e-02
2.464194037020206451e-02
1.255191862583160400e-02
6.569021381437778473e-03
1.172018423676490784e-02
1.691174134612083435e-02
1.366372965276241302e-02
6.477575749158859253e-03
2.447483828291296959e-03
1.388581702485680580e-03
1.805922947824001312e-04
-1.448175520636141300e-03
-3.378845285624265671e-03
-6.298520136624574661e-03
-7.271445356309413910e-03
-1.586134429089725018e-03
7.506505586206912994e-03
9.477021172642707825e-03
2.251980826258659363e-03
-1.748851733282208443e-03
6.575521081686019897e-03
1.746361143887042999e-02
1.603771373629570007e-02
5.879436153918504715e-03
4.681095015257596970e-03
1.765626482665538788e-02
3.000543266534805298e-02
2.911794185638427734e-02
2.099800668656826019e-02
1.785912550985813141e-02
2.029479853808879852e-02
2.110150083899497986e-02
1.902528107166290283e-02
1.806105487048625946e-02
1.749937795102596283e-02
1.309236418455839157e-02
6.257379427552223206e-03
2.623988315463066101e-03
1.782129984349012375e-03
-2.708351239562034607e-03
-1.228395104408264160e-02
-2.065348066389560699e-02
-2.401955798268318176e-02
-2.628680132329463959e-02
-3.113904222846031189e-02
-3.615983203053474426e-02
-3.887078538537025452e-02
-4.200515151023864746e-02
-4.761712998151779175e-02
-5.171947181224822998e-02
-5.096728727221488953e-02
-4.985267668962478638e-02
-5.395622551441192627e-02
-5.952923372387886047e-02
-5.809246748685836792e-02
-4.982161894440650940e-02
-4.369819164276123047e-02
-4.397014528512954712e-02
-4.501659423112869263e-02
-4.190776497125625610e-02
-3.778684511780738831e-02
-3.629457205533981323e-02
-3.385896980762481689e-02
-2.611061558127403259e-02
-1.687911152839660645e-02
-1.306368038058280945e-02
-1.335814502090215683e-02
-1.024573389440774918e-02
-2.553995698690414429e-03
2.289714291691780090e-03
3.380272537469863892e-04
-2.131784334778785706e-03
1.888152211904525757e-03
9.773064404726028442e-03
1.408516429364681244e-02
1.384767703711986542e-02
1.432743482291698456e-02
1.720836013555526733e-02
1.801301911473274231e-02
1.424495596438646317e-02
9.898247197270393372e-03
8.981266990303993225e-03
9.326199069619178772e-03
6.861583329737186432e-03
2.637205645442008972e-03
7.278872653841972351e-04
1.030169427394866943e-03
-5.010141758248209953e-04
-4.680221900343894958e-03
-7.540904916822910309e-03
-7.311579771339893341e-03
-7.853394374251365662e-03
-1.203354820609092712e-02
-1.581491157412528992e-02
-1.364207826554775238e-02
-7.392795756459236145e-03
-4.652947187423706055e-03
-8.459892123937606812e-03
-1.372036524116992950e-02
-1.475299149751663208e-02
-1.193124428391456604e-02
-8.905077353119850159e-03
-7.193410769104957581e-03
-6.504299119114875793e-03
-7.303234189748764038e-03
-9.330529719591140747e-03
-9.625637903809547424e-03
-6.091305986046791077e-03
-1.878840848803520203e-03
-1.916914246976375580e-03
-5.301666446030139923e-03
-5.708145909011363983e-03
-4.030321724712848663e-04
5.529761314392089844e-03
6.212461739778518677e-03
2.451232168823480606e-03
-1.012716675177216530e-03
-2.609054325148463249e-03
-3.999312408268451691e-03
-5.057133734226226807e-03
-4.094502888619899750e-03
-2.889355178922414780e-03
-5.897402763366699219e-03
-1.261481456458568573e-02
-1.577847450971603394e-02
-1.092953793704509735e-02
-4.060501698404550552e-03
-4.603396169841289520e-03
-1.265231333673000336e-02
-1.891058869659900665e-02
-1.739014498889446259e-02
-1.227922365069389343e-02
-1.019452139735221863e-02
-1.120145432651042938e-02
-1.175086200237274170e-02
-1.221046037971973419e-02
-1.531107164919376373e-02
-1.904697716236114502e-02
-1.798264496028423309e-02
-1.221407763659954071e-02
-8.689614012837409973e-03
-1.119354367256164551e-02
-1.449881866574287415e-02
-1.229270361363887787e-02
-6.425697356462478638e-03
-3.264690749347209930e-03
-4.033337347209453583e-03
-4.634000360965728760e-03
-3.440685104578733444e-03
-3.074157517403364182e-03
-4.436774179339408875e-03
-4.860168322920799255e-03
-3.409700933843851089e-03
-2.813895232975482941e-03
-4.278492182493209839e-03
-5.152568221092224121e-03
-3.885387675836682320e-03
-2.491774503141641617e-03
-1.494048628956079483e-03
2.310932846739888191e-03
9.267816320061683655e-03
1.350585743784904480e-02
1.162274088710546494e-02
9.730786085128784180e-03
1.458149868994951248e-02
2.172702178359031677e-02
2.190515026450157166e-02
1.712286844849586487e-02
1.903834380209445953e-02
2.996716648340225220e-02
3.733419999480247498e-02
3.231772035360336304e-02
2.338221669197082520e-02
2.258251048624515533e-02
2.678833156824111938e-02
2.408454008400440216e-02
1.388813648372888565e-02
7.366208825260400772e-03
8.491888642311096191e-03
8.067541755735874176e-03
1.166292931884527206e-04
-7.887955754995346069e-03
-8.427776396274566650e-03
-7.902922108769416809e-03
-1.669779047369956970e-02
-3.100919350981712341e-02
-3.689987212419509888e-02
-3.162408620119094849e-02
-2.882292121648788452e-02
-3.857348859310150146e-02
-5.226841196417808533e-02
-5.527203530073165894e-02
-4.839633405208587646e-02
-4.621496051549911499e-02
-5.500457435846328735e-02
-6.321515142917633057e-02
-5.851760134100914001e-02
-4.612502455711364746e-02
-4.136174917221069336e-02
-4.763983190059661865e-02
-5.236973613500595093e-02
-4.611444473266601562e-02
-3.564044088125228882e-02
-3.198822215199470520e-02
-3.355330228805541992e-02
-3.055070899426937103e-02
-2.190714702010154724e-02
-1.627054996788501740e-02
-1.653979346156120300e-02
-1.504592970013618469e-02
-7.434075698256492615e-03
-5.021545803174376488e-04
9.962095646187663078e-05
4.173566703684628010e-04
7.404313422739505768e-03
1.529762893915176392e-02
1.433510333299636841e-02
8.047545328736305237e-03
8.405078202486038208e-03
1.548173930495977402e-02
1.659752428531646729e-02
7.867454551160335541e-03
1.926743658259510994e-03
7.839484140276908875e-03
1.643964275717735291e-02
1.552522927522659302e-02
8.955093100666999817e-03
7.973238825798034668e-03
1.111300848424434662e-02
7.605070248246192932e-03
-2.587438561022281647e-03
-7.574868854135274887e-03
-3.289633430540561676e-03
-2.493979409337043762e-04
-6.408617366105318069e-03
-1.538387499749660492e-02
-1.805026456713676453e-02
-1.583654433488845825e-02
-1.493009086698293686e-02
-1.546519901603460312e-02
-1.492348220199346542e-02
-1.571041345596313477e-02
-2.022126875817775726e-02
-2.344915270805358887e-02
-2.015305310487747192e-02
-1.549395546317100525e-02
-1.791378855705261230e-02
-2.370945364236831665e-02
-2.061526849865913391e-02
-7.379314396530389786e-03
2.310816664248704910e-03
-6.131294649094343185e-04
-7.843341678380966187e-03
-7.002688944339752197e-03
1.052798936143517494e-03
6.791584193706512451e-03
7.643216289579868317e-03
9.056311100721359253e-03
1.278358977288007736e-02
1.414937991648912430e-02
1.144785620272159576e-02
9.525711648166179657e-03
1.150173693895339966e-02
1.367168221622705460e-02
1.227448135614395142e-02
1.000501960515975952e-02
1.105199567973613739e-02
1.319762039929628372e-02
1.047648862004280090e-02
2.654397860169410706e-03
-3.335904330015182495e-03
-2.870188094675540924e-03
-5.996306426823139191e-04
-4.741091281175613403e-03
-1.611436530947685242e-02
-2.669241279363632202e-02
-2.970698475837707520e-02
-2.783223241567611694e-02
-2.875143662095069885e-02
-3.480727598071098328e-02
-4.106549918651580811e-02
-4.320390522480010986e-02
-4.271962493658065796e-02
-4.281964898109436035e-02
-4.339852184057235718e-02
-4.306117072701454163e-02
-4.266013950109481812e-02
-4.290235415101051331e-02
-4.113676398992538452e-02
-3.522805497050285339e-02
-2.880015037953853607e-02
-2.723469026386737823e-02
-2.914197742938995361e-02
-2.752180024981498718e-02
-1.987505331635475159e-02
-1.144044380635023117e-02
-6.872870028018951416e-03
-4.315073601901531219e-03
-3.260786179453134537e-04
4.474503919482231140e-03
8.099961094558238983e-03
1.096395496279001236e-02
1.320452149957418442e-02
1.268508192151784897e-02
9.953550994396209717e-03
1.051839627325534821e-02
1.657991856336593628e-02
2.098535373806953430e-02
1.688395999372005463e-02
9.994184598326683044e-03
1.179998274892568588e-02
2.153977565467357635e-02
2.559922263026237488e-02
1.722860708832740784e-02
6.750301923602819443e-03
6.509716156870126724e-03
1.378191448748111725e-02
1.662370562553405762e-02
1.165933720767498016e-02
7.117667235434055328e-03
9.664520621299743652e-03
1.601950824260711670e-02
1.881003379821777344e-02
1.552402973175048828e-02
9.942263364791870117e-03
7.629766128957271576e-03
1.082174293696880341e-02
1.607877574861049652e-02
1.769019104540348053e-02
1.491541974246501923e-02
1.339613273739814758e-02
1.657290756702423096e-02
1.916965469717979431e-02
1.445823069661855698e-02
5.394546315073966980e-03
1.364570111036300659e-03
4.376763477921485901e-03
6.272450089454650879e-03
1.288835890591144562e-03
-6.120217964053153992e-03
-9.476137347519397736e-03
-9.633213281631469727e-03
-1.099525950849056244e-02
-1.369987055659294128e-02
-1.548831816762685776e-02
-1.763063110411167145e-02
-2.278570085763931274e-02
-2.918737754225730896e-02
-3.271257877349853516e-02
-3.334678709506988525e-02
-3.445877879858016968e-02
-3.695344179868698120e-02
-3.916678577661514282e-02
-4.116305708885192871e-02
-4.376730322837829590e-02
-4.480236768722534180e-02
-4.246316850185394287e-02
-4.108918830752372742e-02
-4.596357792615890503e-02
-5.272317677736282349e-02
-5.110830441117286682e-02
-4.094961658120155334e-02
-3.430365025997161865e-02
-3.726574406027793884e-02
-4.004395008087158203e-02
-3.294485807418823242e-02
-2.278975769877433777e-02
-2.185443043708801270e-02
-2.711338363587856293e-02
-2.490041777491569519e-02
-1.368325389921665192e-02
-6.476556882262229919e-03
-8.639633655548095703e-03
-9.016041643917560577e-03
1.664776355028152466e-04
8.879510685801506042e-03
5.958515219390392303e-03
-9.275891352444887161e-04
3.318455535918474197e-03
1.641137711703777313e-02
2.180022746324539185e-02
1.498061046004295349e-02
9.952001273632049561e-03
1.612754166126251221e-02
2.427006512880325317e-02
2.307580411434173584e-02
1.687071658670902252e-02
1.584758982062339783e-02
1.826822385191917419e-02
1.553904451429843903e-02
9.074822999536991119e-03
7.764970883727073669e-03
1.085448078811168671e-02
7.989733479917049408e-03
-2.259952714666724205e-03
-8.115002885460853577e-03
-3.709445241838693619e-03
4.227394238114356995e-04
-5.897539202123880386e-03
-1.616225950419902802e-02
-1.848251000046730042e-02
-1.497957669198513031e-02
-1.673497632145881653e-02
-2.418401464819908142e-02
-2.699889987707138062e-02
-2.259763702750205994e-02
-2.029168978333473206e-02
-2.436217293143272400e-02
-2.675154805183410645e-02
-2.243727818131446838e-02
-1.946049369871616364e-02
-2.450318075716495514e-02
-2.906595543026924133e-02
-2.231720462441444397e-02
-1.048024278134107590e-02
-8.975775912404060364e-03
-1.821752265095710754e-02
-2.224365621805191040e-02
-1.286724023520946503e-02
-1.211293041706085205e-03
-7.022020872682332993e-05
-6.597571074962615967e-03
-1.029567420482635498e-02
-9.016698226332664490e-03
-7.542843930423259735e-03
-6.633945740759372711e-03
-3.758536651730537415e-03
-1.137657673098146915e-03
-3.047326812520623207e-03
-6.731285247951745987e-03
-5.584634840488433838e-03
-1.009146566502749920e-03
-1.222067512571811676e-03
-6.891001947224140167e-03
-8.260197937488555908e-03
-8.184988400898873806e-04
5.631037056446075439e-03
7.005808874964714050e-04
-1.088857650756835938e-02
-1.619333401322364807e-02
-1.219198014587163925e-02
-7.389907725155353546e-03
-7.223345804959535599e-03
-8.076834492385387421e-03
-7.015530019998550415e-03
-7.717698812484741211e-03
-1.237411145120859146e-02
-1.554034370929002762e-02
-1.248461380600929260e-02
-8.084917441010475159e-03
-9.788235649466514587e-03
-1.515821088105440140e-02
-1.509157568216323853e-02
-8.478321135044097900e-03
-4.307620692998170853e-03
-6.944976747035980225e-03
-8.385175839066505432e-03
-1.069737016223371029e-03
8.682595565915107727e-03
9.082736447453498840e-03
1.222185208462178707e-03
-1.466737361624836922e-03
7.198072504252195358e-03
1.728189364075660706e-02
1.806986331939697266e-02
1.378658041357994080e-02
1.598343439400196075e-02
2.544647641479969025e-02
3.163461387157440186e-02
2.908360958099365234e-02
2.463356778025627136e-02
2.574596740305423737e-02
2.959038689732551575e-02
2.881673723459243774e-02
2.295105159282684326e-02
1.816389150917530060e-02
1.823482848703861237e-02
2.081375569105148315e-02
2.158176898956298828e-02
1.831136643886566162e-02
1.167806424200534821e-02
5.086873658001422882e-03
2.381071448326110840e-03
2.740624826401472092e-03
-2.294317819178104401e-04
-1.054326817393302917e-02
-2.289513312280178070e-02
-2.855419367551803589e-02
-2.701311185956001282e-02
-2.607327699661254883e-02
-3.043988905847072601e-02
-3.651137277483940125e-02
-3.986261785030364990e-02
-4.150506854057312012e-02
-4.360007122159004211e-02
-4.456376284360885620e-02
-4.283541813492774963e-02
-4.122104123234748840e-02
-4.266251251101493835e-02
-4.488874226808547974e-02
-4.402782022953033447e-02
-4.085891693830490112e-02
-3.868979215621948242e-02
-3.747111558914184570e-02
-3.514243662357330322e-02
-3.262373432517051697e-02
-3.176484256982803345e-02
-3.010373748838901520e-02
-2.409689500927925110e-02
-1.653693616390228271e-02
-1.365796476602554321e-02
-1.495115272700786591e-02
-1.362036075443029404e-02
-8.247653022408485413e-03
-5.409242585301399231e-03
-7.613447494804859161e-03
-7.522675208747386932e-03
3.128545358777046204e-05
8.072545751929283142e-03
7.559708785265684128e-03
1.652976032346487045e-03
4.624979919753968716e-04
5.076372064650058746e-03
7.154858671128749847e-03
3.538570133969187737e-03
8.356776088476181030e-04
3.534935181960463524e-03
6.818154361099004745e-03
5.240596830844879150e-03
1.131703727878630161e-03
-7.592458277940750122e-04
-1.246127998456358910e-03
-3.604374593123793602e-03
-6.476089358329772949e-03
-5.734263453632593155e-03
-1.401699963025748730e-03
2.088292036205530167e-03
1.441595377400517464e-03
-3.081842791289091110e-03
-9.268552996218204498e-03
-1.392647996544837952e-02
-1.417950354516506195e-02
-1.095862686634063721e-02
-9.223194792866706848e-03
-1.159666478633880615e-02
-1.427215337753295898e-02
-1.283227652311325073e-02
-9.085973724722862244e-03
-7.296168245375156403e-03
-6.638068705797195435e-03
-3.835155162960290909e-03
-1.057851244695484638e-03
-3.065356984734535217e-03
-6.886395625770092010e-03
-3.640348091721534729e-03
7.030726410448551178e-03
1.354542467743158340e-02
8.440049365162849426e-03
-1.686923205852508545e-04
-4.662685096263885498e-04
5.953330546617507935e-03
8.113212883472442627e-03
3.234233707189559937e-03
-1.337565481662750244e-04
3.339119255542755127e-03
7.780596613883972168e-03
6.021270528435707092e-03
1.935660839080810547e-04
-2.532819285988807678e-03
-3.488156944513320923e-04
2.040269784629344940e-03
4.953499883413314819e-04
-4.240184091031551361e-03
-8.443661034107208252e-03
-9.213900193572044373e-03
-7.058024406433105469e-03
-5.830569192767143250e-03
-8.676327764987945557e-03
-1.343356631696224213e-02
-1.466692239046096802e-02
-1.133096776902675629e-02
-8.848892524838447571e-03
-1.117322780191898346e-02
-1.452672481536865234e-02
-1.321801543235778809e-02
-8.956037461757659912e-03
-8.802529424428939819e-03
-1.445265859365463257e-02
-1.914818584918975830e-02
-1.681012287735939026e-02
-1.006073504686355591e-02
-6.629876792430877686e-03
-1.016956195235252380e-02
-1.679080165922641754e-02
-1.942375861108303070e-02
-1.448909938335418701e-02
-5.598463118076324463e-03
-1.094315201044082642e-03
-5.806457251310348511e-03
-1.458236481994390488e-02
-1.678226515650749207e-02
-8.795045316219329834e-03
7.393630221486091614e-04
9.158477187156677246e-04
-8.308432996273040771e-03
-1.646935567259788513e-02
-1.523637585341930389e-02
-7.042564451694488525e-03
-5.607455968856811523e-04
-6.943866610527038574e-04
-4.816997796297073364e-03
-7.193017750978469849e-03
-5.057416856288909912e-03
-5.468763411045074463e-04
2.066157758235931396e-03
4.781410098075866699e-04
-4.015050828456878662e-03
-8.227139711380004883e-03
-9.616255760192871094e-03
-7.454879581928253174e-03
-3.180682659149169922e-03
-3.081336617469787598e-04
-2.108346670866012573e-03
-7.545473054051399231e-03
-1.091918721795082092e-02
-8.047463372349739075e-03
-2.006609924137592316e-03
2.123604062944650650e-04
-3.446761751547455788e-03
-8.011969737708568573e-03
-8.907197043299674988e-03
-7.616186514496803284e-03
-7.621217519044876099e-03
-8.015247993171215057e-03
-5.222991108894348145e-03
2.184212207794189453e-04
2.951567992568016052e-03
-2.428460866212844849e-04
-5.801216699182987213e-03
-7.537137717008590698e-03
-4.063746891915798187e-03
-3.152266144752502441e-04
-1.668248092755675316e-03
-7.450933102518320084e-03
-1.122870761901140213e-02
-8.225926198065280914e-03
-1.688114367425441742e-03
4.698159173130989075e-04
-4.065462388098239899e-03
-8.342214860022068024e-03
-5.568375810980796814e-03
5.920734256505966187e-04
2.958532422780990601e-04
-8.468372747302055359e-03
-1.624907180666923523e-02
-1.490485947579145432e-02
-8.824235759675502777e-03
-8.596416562795639038e-03
-1.627052947878837585e-02
-2.259115502238273621e-02
-1.910937018692493439e-02
-8.719135075807571411e-03
-2.307529561221599579e-03
-6.848413031548261642e-03
-1.807352527976036072e-02
-2.445558831095695496e-02
-1.883437298238277435e-02
-6.744363810867071152e-03
-1.456610858440399170e-03
-8.926335722208023071e-03
-2.016236260533332825e-02
-2.228261530399322510e-02
-1.484256610274314880e-02
-9.003567509353160858e-03
-1.096502505242824554e-02
-1.440272852778434753e-02
-1.247251592576503754e-02
-9.060977958142757416e-03
-1.088319253176450729e-02
-1.435526739805936813e-02
-1.057260669767856598e-02
-1.286130398511886597e-03
1.409042626619338989e-03
-6.514623761177062988e-03
-1.349482685327529907e-02
-9.117662906646728516e-03
2.252385020256042480e-04
1.308259321376681328e-03
-5.880103446543216705e-03
-9.119956754148006439e-03
-3.553089685738086700e-03
1.303060911595821381e-03
-2.643411047756671906e-03
-9.107902646064758301e-03
-7.328609004616737366e-03
1.284806057810783386e-03
5.104569718241691589e-03
-1.271635293960571289e-03
-1.070213969796895981e-02
-1.436878554522991180e-02
-1.209307461977005005e-02
-9.051408618688583374e-03
-7.557375356554985046e-03
-6.592441350221633911e-03
-6.497591733932495117e-03
-9.012524969875812531e-03
-1.301603950560092926e-02
-1.444584503769874573e-02
-1.180361304432153702e-02
-8.970307186245918274e-03
-1.035056822001934052e-02
-1.448865700513124466e-02
-1.508410088717937469e-02
-8.927634917199611664e-03
-8.976222015917301178e-04
1.094553386792540550e-03
-4.113916307687759399e-03
-8.887484669685363770e-03
-6.209385581314563751e-03
1.056797802448272705e-03
3.822264261543750763e-03
-1.040391391143202782e-03
-6.830360740423202515e-03
-6.786371115595102310e-03
-2.886358415707945824e-03
-1.014398294501006603e-03
-1.230338122695684433e-03
1.005548983812332153e-03
5.553424358367919922e-03
6.812574807554483414e-03
3.302663564682006836e-03
9.978199377655982971e-04
3.775861579924821854e-03
6.812983192503452301e-03
4.717829637229442596e-03
1.005229772999882698e-03
2.332135103642940521e-03
6.797372363507747650e-03
6.585841067135334015e-03
1.029332168400287628e-03
-2.369865775108337402e-03
-1.047847792506217957e-03
-1.567630097270011902e-03
-6.741820834577083588e-03
-8.468387648463249207e-03
-1.097662374377250671e-03
6.159435957670211792e-03
1.128666102886199951e-03
-1.179170515388250351e-02
-1.678836904466152191e-02
-1.040643267333507538e-02
-6.611021235585212708e-03
-1.464997231960296631e-02
-2.468003332614898682e-02
-2.343502268195152283e-02
-1.433888729661703110e-02
-1.106752082705497742e-02
-1.695666834712028503e-02
-2.266766503453254700e-02
-2.205884456634521484e-02
-1.885728351771831512e-02
-1.705148443579673767e-02
-1.539106294512748718e-02
-1.415039971470832825e-02
-1.757813990116119385e-02
-2.495989948511123657e-02
-2.776305750012397766e-02
-2.186815813183784485e-02
-1.545364037156105042e-02
-1.723991520702838898e-02
-2.283444441854953766e-02
-2.177884243428707123e-02
-1.409604307264089584e-02
-9.512681514024734497e-03
-1.168443914502859116e-02
-1.388581842184066772e-02
-1.166368555277585983e-02
-9.587939828634262085e-03
-1.164167374372482300e-02
-1.381618157029151917e-02
-1.194752939045429230e-02
-9.651806205511093140e-03
-1.148790679872035980e-02
-1.375804189592599869e-02
-9.973753243684768677e-03
-1.891952939331531525e-03
2.838963642716407776e-03
1.914519583806395531e-03
-4.193717613816261292e-04
-1.934997737407684326e-03
-4.120619036257266998e-03
-5.858728662133216858e-03
-4.153800196945667267e-03
-1.971275312826037407e-03
-5.935207474976778030e-03
-1.363699883222579956e-02
-1.338581927120685577e-02
-2.004398964345455170e-03
7.046500220894813538e-03
2.020969986915588379e-03
-8.959836326539516449e-03
-9.850658476352691650e-03
-1.143709756433963776e-03
2.056373748928308487e-03
-5.054247565567493439e-03
-9.888462722301483154e-03
-4.199935123324394226e-03
2.097195014357566833e-03
-2.064150292426347733e-03
-9.932759217917919159e-03
-7.855201140046119690e-03
2.145214471966028214e-03
5.405279807746410370e-03
-2.172062173485755920e-03
-8.613085374236106873e-03
-5.611858330667018890e-03
-4.443491343408823013e-04
-2.230713376775383949e-03
-7.041177246719598770e-03
-5.550603847950696945e-03
1.517852302640676498e-03
5.518749356269836426e-03
3.874732181429862976e-03
2.325696870684623718e-03
4.069480113685131073e-03
5.455388687551021576e-03
3.861367702484130859e-03
2.387274056673049927e-03
3.758477047085762024e-03
5.397045519202947617e-03
4.301576875150203705e-03
2.440850250422954559e-03
3.165419213473796844e-03
5.349810700863599777e-03
5.295258481055498123e-03
2.480171620845794678e-03
-5.146432667970657349e-04
-2.492575673386454582e-03
-4.226049873977899551e-03
-5.313327535986900330e-03
-4.373443778604269028e-03
-2.499336842447519302e-03
-2.774733118712902069e-03
-5.319966003298759460e-03
-6.088985130190849304e-03
-2.478294074535369873e-03
2.246506512165069580e-03
2.456281334161758423e-03
-3.130165860056877136e-03
-1.023875549435615540e-02
-1.395125873386859894e-02
-1.323688402771949768e-02
-1.087365020066499710e-02
-1.015438325703144073e-02
-1.175980828702449799e-02
-1.333730667829513550e-02
-1.244218088686466217e-02
-1.003832370042800903e-02
-9.861078113317489624e-03
-1.346836332231760025e-02
-1.748487725853919983e-02
-1.770562492311000824e-02
-1.487922947853803635e-02
-1.362661458551883698e-02
-1.568602025508880615e-02
-1.753556542098522186e-02
-1.612105220556259155e-02
-1.380707044154405594e-02
-1.457890309393405914e-02
-1.734626106917858124e-02
-1.733656041324138641e-02
-1.400357577949762344e-02
-1.282349787652492523e-02
-1.714427024126052856e-02
-2.232041209936141968e-02
-2.202178537845611572e-02
-1.781729981303215027e-02
-1.693660579621791840e-02
-2.082692831754684448e-02
-2.222963981330394745e-02
-1.627349108457565308e-02
-8.917777799069881439e-03
-8.911414071917533875e-03
-1.462030224502086639e-02
-1.589858159422874451e-02
-8.719353005290031433e-03
-6.357776001095771790e-04
8.124634623527526855e-04
-1.509145833551883698e-03
-7.221368141472339630e-04
2.213047817349433899e-03
6.364434957504272461e-04
-5.575675517320632935e-03
-8.368344977498054504e-03
-3.975007683038711548e-03
4.807608202099800110e-04
-2.336233854293823242e-03
-8.223999291658401489e-03
-7.407792843878269196e-03
3.482792526483535767e-04
4.695042502135038376e-03
-2.912669442594051361e-04
-7.543486542999744415e-03
-7.571980357170104980e-03
-2.028321381658315659e-03
-1.960254739969968796e-04
-4.562056157737970352e-03
-7.654812186956405640e-03
-4.359823651611804962e-03
-1.253765076398849487e-04
-2.213561907410621643e-03
-7.713668048381805420e-03
-7.394367828965187073e-03
-7.780268788337707520e-05
4.606319591403007507e-03
6.193481385707855225e-05
-7.414456456899642944e-03
-7.863355800509452820e-03
-2.175297588109970093e-03
4.413351416587829590e-05
-4.412377253174781799e-03
-7.853826507925987244e-03
-4.501145333051681519e-03
4.196166992187500000e-05
-2.089401707053184509e-03
-7.858036085963249207e-03
-7.492838427424430847e-03
5.157105624675750732e-05
4.668285138905048370e-03
-5.955342203378677368e-05
-7.421599701046943665e-03
-7.743499707430601120e-03
-2.261284738779067993e-03
-7.943529635667800903e-05
-4.135836847126483917e-03
-7.722088601440191269e-03
-5.301436409354209900e-03
